name: gitonatone
channels:
  - conda-forge
  - defaults
dependencies:
  - brotli=1.0.9=h8ffe710_7
  - brotli-bin=1.0.9=h8ffe710_7
  - bzip2=1.0.8=h8ffe710_4
  - ca-certificates=2022.6.15=h5b45459_0
  - certifi=2022.6.15=pyhd8ed1ab_1
  - chardet=5.0.0=py38haa244fe_0
  - click=8.1.3=py38haa244fe_0
  - colorama=0.4.5=pyhd8ed1ab_0
  - cycler=0.11.0=pyhd8ed1ab_0
  - fonttools=4.37.1=py38h294d835_0
  - freetype=2.12.1=h546665d_0
  - importlib-metadata=4.11.4=py38haa244fe_0
  - importlib_metadata=4.11.4=hd8ed1ab_0
  - intel-openmp=2022.1.0=h57928b3_3787
  - joblib=1.1.0=pyhd8ed1ab_0
  - jpeg=9e=h8ffe710_2
  - jsonpickle=2.2.0=pyhd8ed1ab_0
  - kiwisolver=1.4.4=py38hbd9d945_0
  - lcms2=2.12=h2a16943_0
  - lerc=4.0.0=h63175ca_0
  - libblas=3.9.0=16_win64_mkl
  - libbrotlicommon=1.0.9=h8ffe710_7
  - libbrotlidec=1.0.9=h8ffe710_7
  - libbrotlienc=1.0.9=h8ffe710_7
  - libcblas=3.9.0=16_win64_mkl
  - libdeflate=1.13=h8ffe710_0
  - libffi=3.4.2=h8ffe710_5
  - liblapack=3.9.0=16_win64_mkl
  - libpng=1.6.37=h1d00b33_4
  - libsqlite=3.39.2=h8ffe710_1
  - libtiff=4.4.0=h92677e6_3
  - libwebp-base=1.2.4=h8ffe710_0
  - libxcb=1.13=hcd874cb_1004
  - libzlib=1.2.12=h8ffe710_2
  - m2w64-gcc-libgfortran=5.3.0=6
  - m2w64-gcc-libs=5.3.0=7
  - m2w64-gcc-libs-core=5.3.0=7
  - m2w64-gmp=6.1.0=2
  - m2w64-libwinpthread-git=5.0.0.4634.697f757=2
  - matplotlib-base=3.5.3=py38h3268a40_2
  - mkl=2022.1.0=h6a75c08_874
  - more-itertools=8.14.0=pyhd8ed1ab_0
  - msys2-conda-epoch=20160418=1
  - munkres=1.1.4=pyh9f0ad1d_0
  - music21=7.3.3=pyhd8ed1ab_0
  - numpy=1.23.2=py38h223ccf5_0
  - openjpeg=2.5.0=hc9384bd_1
  - openssl=3.0.5=h8ffe710_1
  - packaging=21.3=pyhd8ed1ab_0
  - pillow=9.2.0=py38h37aa274_2
  - pip=22.2.2=pyhd8ed1ab_0
  - pthread-stubs=0.4=hcd874cb_1001
  - pyparsing=3.0.9=pyhd8ed1ab_0
  - python=3.8.13=hcf16a7b_0_cpython
  - python-dateutil=2.8.2=pyhd8ed1ab_0
  - python-dotenv=0.21.0=pyhd8ed1ab_0
  - python_abi=3.8=2_cp38
  - setuptools=65.3.0=pyhd8ed1ab_1
  - six=1.16.0=pyh6c4a22f_0
  - sqlite=3.39.2=h8ffe710_1
  - tbb=2021.5.0=h2d74725_1
  - tk=8.6.12=h8ffe710_0
  - ucrt=10.0.20348.0=h57928b3_0
  - unicodedata2=14.0.0=py38h294d835_1
  - vc=14.2=hb210afc_7
  - vs2015_runtime=14.29.30139=h890b9b1_7
  - webcolors=1.12=pyhd8ed1ab_0
  - wheel=0.37.1=pyhd8ed1ab_0
  - wincertstore=0.2=py38haa244fe_1008
  - xorg-libxau=1.0.9=hcd874cb_0
  - xorg-libxdmcp=1.1.3=hcd874cb_0
  - xz=5.2.6=h8d14728_0
  - zipp=3.8.1=pyhd8ed1ab_0
  - zstd=1.5.2=h7755175_4
  - pip:
    - charset-normalizer==2.1.1
    - idna==3.3
    - requests==2.28.1
    - urllib3==1.26.12